		Vc1			Vc2			Ir			Time 
		3.998000		2.002000		0.000010		0.000000
		3.996004		2.003996		0.000010		0.010000
		3.994012		2.005988		0.000010		0.020000
		3.992024		2.007976		0.000010		0.030000
		3.990040		2.009960		0.000010		0.040000
		3.988060		2.011940		0.000010		0.050000
		3.986084		2.013916		0.000010		0.060000
		3.984112		2.015888		0.000010		0.070000
		3.982143		2.017857		0.000010		0.080000
		3.980179		2.019821		0.000010		0.090000
		3.978219		2.021781		0.000010		0.100000
		3.976262		2.023738		0.000010		0.110000
		3.974310		2.025690		0.000010		0.120000
		3.972361		2.027639		0.000010		0.130000
		3.970416		2.029584		0.000010		0.140000
		3.968476		2.031524		0.000010		0.150000
		3.966539		2.033461		0.000010		0.160000
		3.964606		2.035394		0.000010		0.170000
		3.962676		2.037324		0.000010		0.180000
		3.960751		2.039249		0.000010		0.190000
		3.958829		2.041171		0.000010		0.200000
		3.956912		2.043088		0.000010		0.210000
		3.954998		2.045002		0.000010		0.220000
		3.953088		2.046912		0.000010		0.230000
		3.951182		2.048818		0.000010		0.240000
		3.949279		2.050721		0.000010		0.250000
		3.947381		2.052619		0.000009		0.260000
		3.945486		2.054514		0.000009		0.270000
		3.943595		2.056405		0.000009		0.280000
		3.941708		2.058292		0.000009		0.290000
		3.939825		2.060175		0.000009		0.300000
		3.937945		2.062055		0.000009		0.310000
		3.936069		2.063931		0.000009		0.320000
		3.934197		2.065803		0.000009		0.330000
		3.932328		2.067672		0.000009		0.340000
		3.930464		2.069536		0.000009		0.350000
		3.928603		2.071397		0.000009		0.360000
		3.926746		2.073254		0.000009		0.370000
		3.924892		2.075108		0.000009		0.380000
		3.923042		2.076958		0.000009		0.390000
		3.921196		2.078804		0.000009		0.400000
		3.919354		2.080646		0.000009		0.410000
		3.917515		2.082485		0.000009		0.420000
		3.915680		2.084320		0.000009		0.430000
		3.913849		2.086151		0.000009		0.440000
		3.912021		2.087979		0.000009		0.450000
		3.910197		2.089803		0.000009		0.460000
		3.908377		2.091623		0.000009		0.470000
		3.906560		2.093440		0.000009		0.480000
		3.904747		2.095253		0.000009		0.490000
		3.902937		2.097063		0.000009		0.500000
		3.901131		2.098869		0.000009		0.510000
		3.899329		2.100671		0.000009		0.520000
		3.897531		2.102469		0.000009		0.530000
		3.895735		2.104265		0.000009		0.540000
		3.893944		2.106056		0.000009		0.550000
		3.892156		2.107844		0.000009		0.560000
		3.890372		2.109628		0.000009		0.570000
		3.888591		2.111409		0.000009		0.580000
		3.886814		2.113186		0.000009		0.590000
		3.885040		2.114960		0.000009		0.600000
		3.883270		2.116730		0.000009		0.610000
		3.881504		2.118496		0.000009		0.620000
		3.879741		2.120259		0.000009		0.630000
		3.877981		2.122019		0.000009		0.640000
		3.876225		2.123775		0.000009		0.650000
		3.874473		2.125527		0.000009		0.660000
		3.872724		2.127276		0.000009		0.670000
		3.870978		2.129022		0.000009		0.680000
		3.869236		2.130764		0.000009		0.690000
		3.867498		2.132502		0.000009		0.700000
		3.865763		2.134237		0.000009		0.710000
		3.864031		2.135969		0.000009		0.720000
		3.862303		2.137697		0.000009		0.730000
		3.860579		2.139421		0.000009		0.740000
		3.858858		2.141142		0.000009		0.750000
		3.857140		2.142860		0.000009		0.760000
		3.855426		2.144574		0.000009		0.770000
		3.853715		2.146285		0.000009		0.780000
		3.852007		2.147993		0.000009		0.790000
		3.850303		2.149697		0.000009		0.800000
		3.848603		2.151397		0.000009		0.810000
		3.846905		2.153095		0.000008		0.820000
		3.845212		2.154788		0.000008		0.830000
		3.843521		2.156479		0.000008		0.840000
		3.841834		2.158166		0.000008		0.850000
		3.840151		2.159849		0.000008		0.860000
		3.838470		2.161530		0.000008		0.870000
		3.836793		2.163207		0.000008		0.880000
		3.835120		2.164880		0.000008		0.890000
		3.833449		2.166551		0.000008		0.900000
		3.831783		2.168217		0.000008		0.910000
		3.830119		2.169881		0.000008		0.920000
		3.828459		2.171541		0.000008		0.930000
		3.826802		2.173198		0.000008		0.940000
		3.825148		2.174852		0.000008		0.950000
		3.823498		2.176502		0.000008		0.960000
		3.821851		2.178149		0.000008		0.970000
		3.820207		2.179793		0.000008		0.980000
		3.818567		2.181433		0.000008		0.990000
		3.816930		2.183070		0.000008		1.000000
		3.815296		2.184704		0.000008		1.010000
		3.813665		2.186335		0.000008		1.020000
		3.812038		2.187962		0.000008		1.030000
		3.810414		2.189586		0.000008		1.040000
		3.808793		2.191207		0.000008		1.050000
		3.807175		2.192825		0.000008		1.060000
		3.805561		2.194439		0.000008		1.070000
		3.803950		2.196050		0.000008		1.080000
		3.802342		2.197658		0.000008		1.090000
		3.800737		2.199263		0.000008		1.100000
		3.799136		2.200864		0.000008		1.110000
		3.797538		2.202462		0.000008		1.120000
		3.795943		2.204057		0.000008		1.130000
		3.794351		2.205649		0.000008		1.140000
		3.792762		2.207238		0.000008		1.150000
		3.791176		2.208824		0.000008		1.160000
		3.789594		2.210406		0.000008		1.170000
		3.788015		2.211985		0.000008		1.180000
		3.786439		2.213561		0.000008		1.190000
		3.784866		2.215134		0.000008		1.200000
		3.783296		2.216704		0.000008		1.210000
		3.781730		2.218270		0.000008		1.220000
		3.780166		2.219834		0.000008		1.230000
		3.778606		2.221394		0.000008		1.240000
		3.777049		2.222951		0.000008		1.250000
		3.775495		2.224505		0.000008		1.260000
		3.773944		2.226056		0.000008		1.270000
		3.772396		2.227604		0.000008		1.280000
		3.770851		2.229149		0.000008		1.290000
		3.769309		2.230691		0.000008		1.300000
		3.767771		2.232229		0.000008		1.310000
		3.766235		2.233765		0.000008		1.320000
		3.764703		2.235297		0.000008		1.330000
		3.763173		2.236827		0.000008		1.340000
		3.761647		2.238353		0.000008		1.350000
		3.760123		2.239877		0.000008		1.360000
		3.758603		2.241397		0.000008		1.370000
		3.757086		2.242914		0.000008		1.380000
		3.755572		2.244428		0.000008		1.390000
		3.754061		2.245939		0.000008		1.400000
		3.752553		2.247447		0.000008		1.410000
		3.751047		2.248953		0.000008		1.420000
		3.749545		2.250455		0.000008		1.430000
		3.748046		2.251954		0.000007		1.440000
		3.746550		2.253450		0.000007		1.450000
		3.745057		2.254943		0.000007		1.460000
		3.743567		2.256433		0.000007		1.470000
		3.742080		2.257920		0.000007		1.480000
		3.740596		2.259404		0.000007		1.490000
		3.739115		2.260885		0.000007		1.500000
		3.737636		2.262364		0.000007		1.510000
		3.736161		2.263839		0.000007		1.520000
		3.734689		2.265311		0.000007		1.530000
		3.733219		2.266781		0.000007		1.540000
		3.731753		2.268247		0.000007		1.550000
		3.730289		2.269711		0.000007		1.560000
		3.728829		2.271171		0.000007		1.570000
		3.727371		2.272629		0.000007		1.580000
		3.725916		2.274084		0.000007		1.590000
		3.724465		2.275535		0.000007		1.600000
		3.723016		2.276984		0.000007		1.610000
		3.721570		2.278430		0.000007		1.620000
		3.720126		2.279874		0.000007		1.630000
		3.718686		2.281314		0.000007		1.640000
		3.717249		2.282751		0.000007		1.650000
		3.715814		2.284186		0.000007		1.660000
		3.714383		2.285617		0.000007		1.670000
		3.712954		2.287046		0.000007		1.680000
		3.711528		2.288472		0.000007		1.690000
		3.710105		2.289895		0.000007		1.700000
		3.708685		2.291315		0.000007		1.710000
		3.707267		2.292733		0.000007		1.720000
		3.705853		2.294147		0.000007		1.730000
		3.704441		2.295559		0.000007		1.740000
		3.703032		2.296968		0.000007		1.750000
		3.701626		2.298374		0.000007		1.760000
		3.700223		2.299777		0.000007		1.770000
		3.698823		2.301177		0.000007		1.780000
		3.697425		2.302575		0.000007		1.790000
		3.696030		2.303970		0.000007		1.800000
		3.694638		2.305362		0.000007		1.810000
		3.693249		2.306751		0.000007		1.820000
		3.691862		2.308138		0.000007		1.830000
		3.690478		2.309522		0.000007		1.840000
		3.689098		2.310902		0.000007		1.850000
		3.687719		2.312281		0.000007		1.860000
		3.686344		2.313656		0.000007		1.870000
		3.684971		2.315029		0.000007		1.880000
		3.683601		2.316399		0.000007		1.890000
		3.682234		2.317766		0.000007		1.900000
		3.680870		2.319130		0.000007		1.910000
		3.679508		2.320492		0.000007		1.920000
		3.678149		2.321851		0.000007		1.930000
		3.676793		2.323207		0.000007		1.940000
		3.675439		2.324561		0.000007		1.950000
		3.674088		2.325912		0.000007		1.960000
		3.672740		2.327260		0.000007		1.970000
		3.671394		2.328606		0.000007		1.980000
		3.670052		2.329948		0.000007		1.990000
		3.668712		2.331288		0.000007		2.000000
		3.667374		2.332626		0.000007		2.010000
		3.666039		2.333961		0.000007		2.020000
		3.664707		2.335293		0.000007		2.030000
		3.663378		2.336622		0.000007		2.040000
		3.662051		2.337949		0.000007		2.050000
		3.660727		2.339273		0.000007		2.060000
		3.659406		2.340594		0.000007		2.070000
		3.658087		2.341913		0.000007		2.080000
		3.656771		2.343229		0.000007		2.090000
		3.655457		2.344543		0.000007		2.100000
		3.654146		2.345854		0.000007		2.110000
		3.652838		2.347162		0.000007		2.120000
		3.651532		2.348468		0.000007		2.130000
		3.650229		2.349771		0.000007		2.140000
		3.648929		2.351071		0.000007		2.150000
		3.647631		2.352369		0.000006		2.160000
		3.646335		2.353665		0.000006		2.170000
		3.645043		2.354957		0.000006		2.180000
		3.643753		2.356247		0.000006		2.190000
		3.642465		2.357535		0.000006		2.200000
		3.641180		2.358820		0.000006		2.210000
		3.639898		2.360102		0.000006		2.220000
		3.638618		2.361382		0.000006		2.230000
		3.637341		2.362659		0.000006		2.240000
		3.636066		2.363934		0.000006		2.250000
		3.634794		2.365206		0.000006		2.260000
		3.633524		2.366476		0.000006		2.270000
		3.632257		2.367743		0.000006		2.280000
		3.630993		2.369007		0.000006		2.290000
		3.629731		2.370269		0.000006		2.300000
		3.628471		2.371529		0.000006		2.310000
		3.627215		2.372785		0.000006		2.320000
		3.625960		2.374040		0.000006		2.330000
		3.624708		2.375292		0.000006		2.340000
		3.623459		2.376541		0.000006		2.350000
		3.622212		2.377788		0.000006		2.360000
		3.620967		2.379033		0.000006		2.370000
		3.619726		2.380274		0.000006		2.380000
		3.618486		2.381514		0.000006		2.390000
		3.617249		2.382751		0.000006		2.400000
		3.616015		2.383985		0.000006		2.410000
		3.614783		2.385217		0.000006		2.420000
		3.613553		2.386447		0.000006		2.430000
		3.612326		2.387674		0.000006		2.440000
		3.611101		2.388899		0.000006		2.450000
		3.609879		2.390121		0.000006		2.460000
		3.608659		2.391341		0.000006		2.470000
		3.607442		2.392558		0.000006		2.480000
		3.606227		2.393773		0.000006		2.490000
		3.605015		2.394985		0.000006		2.500000
		3.603805		2.396195		0.000006		2.510000
		3.602597		2.397403		0.000006		2.520000
		3.601392		2.398608		0.000006		2.530000
		3.600189		2.399811		0.000006		2.540000
		3.598989		2.401011		0.000006		2.550000
		3.597791		2.402209		0.000006		2.560000
		3.596595		2.403405		0.000006		2.570000
		3.595402		2.404598		0.000006		2.580000
		3.594211		2.405789		0.000006		2.590000
		3.593023		2.406977		0.000006		2.600000
		3.591837		2.408163		0.000006		2.610000
		3.590653		2.409347		0.000006		2.620000
		3.589472		2.410528		0.000006		2.630000
		3.588293		2.411707		0.000006		2.640000
		3.587116		2.412884		0.000006		2.650000
		3.585942		2.414058		0.000006		2.660000
		3.584770		2.415230		0.000006		2.670000
		3.583600		2.416400		0.000006		2.680000
		3.582433		2.417567		0.000006		2.690000
		3.581268		2.418732		0.000006		2.700000
		3.580106		2.419894		0.000006		2.710000
		3.578946		2.421054		0.000006		2.720000
		3.577788		2.422212		0.000006		2.730000
		3.576632		2.423368		0.000006		2.740000
		3.575479		2.424521		0.000006		2.750000
		3.574328		2.425672		0.000006		2.760000
		3.573179		2.426821		0.000006		2.770000
		3.572033		2.427967		0.000006		2.780000
		3.570889		2.429111		0.000006		2.790000
		3.569747		2.430253		0.000006		2.800000
		3.568608		2.431392		0.000006		2.810000
		3.567470		2.432530		0.000006		2.820000
		3.566335		2.433665		0.000006		2.830000
		3.565203		2.434797		0.000006		2.840000
		3.564072		2.435928		0.000006		2.850000
		3.562944		2.437056		0.000006		2.860000
		3.561818		2.438182		0.000006		2.870000
		3.560695		2.439305		0.000006		2.880000
		3.559573		2.440427		0.000006		2.890000
		3.558454		2.441546		0.000006		2.900000
		3.557337		2.442663		0.000006		2.910000
		3.556223		2.443777		0.000006		2.920000
		3.555110		2.444890		0.000006		2.930000
		3.554000		2.446000		0.000006		2.940000
		3.552892		2.447108		0.000006		2.950000
		3.551786		2.448214		0.000006		2.960000
		3.550683		2.449317		0.000006		2.970000
		3.549581		2.450419		0.000006		2.980000
		3.548482		2.451518		0.000005		2.990000
		3.547385		2.452615		0.000005		3.000000
		3.546290		2.453710		0.000005		3.010000
		3.545198		2.454802		0.000005		3.020000
		3.544107		2.455893		0.000005		3.030000
		3.543019		2.456981		0.000005		3.040000
		3.541933		2.458067		0.000005		3.050000
		3.540849		2.459151		0.000005		3.060000
		3.539767		2.460233		0.000005		3.070000
		3.538688		2.461312		0.000005		3.080000
		3.537611		2.462389		0.000005		3.090000
		3.536535		2.463465		0.000005		3.100000
		3.535462		2.464538		0.000005		3.110000
		3.534391		2.465609		0.000005		3.120000
		3.533323		2.466677		0.000005		3.130000
		3.532256		2.467744		0.000005		3.140000
		3.531191		2.468809		0.000005		3.150000
		3.530129		2.469871		0.000005		3.160000
		3.529069		2.470931		0.000005		3.170000
		3.528011		2.471989		0.000005		3.180000
		3.526955		2.473045		0.000005		3.190000
		3.525901		2.474099		0.000005		3.200000
		3.524849		2.475151		0.000005		3.210000
		3.523799		2.476201		0.000005		3.220000
		3.522752		2.477248		0.000005		3.230000
		3.521706		2.478294		0.000005		3.240000
		3.520663		2.479337		0.000005		3.250000
		3.519621		2.480379		0.000005		3.260000
		3.518582		2.481418		0.000005		3.270000
		3.517545		2.482455		0.000005		3.280000
		3.516510		2.483490		0.000005		3.290000
		3.515477		2.484523		0.000005		3.300000
		3.514446		2.485554		0.000005		3.310000
		3.513417		2.486583		0.000005		3.320000
		3.512390		2.487610		0.000005		3.330000
		3.511365		2.488635		0.000005		3.340000
		3.510343		2.489657		0.000005		3.350000
		3.509322		2.490678		0.000005		3.360000
		3.508303		2.491697		0.000005		3.370000
		3.507287		2.492713		0.000005		3.380000
		3.506272		2.493728		0.000005		3.390000
		3.505260		2.494740		0.000005		3.400000
		3.504249		2.495751		0.000005		3.410000
		3.503241		2.496759		0.000005		3.420000
		3.502234		2.497766		0.000005		3.430000
		3.501230		2.498770		0.000005		3.440000
		3.500227		2.499773		0.000005		3.450000
		3.499227		2.500773		0.000005		3.460000
		3.498228		2.501772		0.000005		3.470000
		3.497232		2.502768		0.000005		3.480000
		3.496237		2.503763		0.000005		3.490000
		3.495245		2.504755		0.000005		3.500000
		3.494254		2.505746		0.000005		3.510000
		3.493266		2.506734		0.000005		3.520000
		3.492279		2.507721		0.000005		3.530000
		3.491295		2.508705		0.000005		3.540000
		3.490312		2.509688		0.000005		3.550000
		3.489332		2.510668		0.000005		3.560000
		3.488353		2.511647		0.000005		3.570000
		3.487376		2.512624		0.000005		3.580000
		3.486401		2.513599		0.000005		3.590000
		3.485429		2.514571		0.000005		3.600000
		3.484458		2.515542		0.000005		3.610000
		3.483489		2.516511		0.000005		3.620000
		3.482522		2.517478		0.000005		3.630000
		3.481557		2.518443		0.000005		3.640000
		3.480594		2.519406		0.000005		3.650000
		3.479633		2.520367		0.000005		3.660000
		3.478673		2.521327		0.000005		3.670000
		3.477716		2.522284		0.000005		3.680000
		3.476761		2.523239		0.000005		3.690000
		3.475807		2.524193		0.000005		3.700000
		3.474855		2.525145		0.000005		3.710000
		3.473906		2.526094		0.000005		3.720000
		3.472958		2.527042		0.000005		3.730000
		3.472012		2.527988		0.000005		3.740000
		3.471068		2.528932		0.000005		3.750000
		3.470126		2.529874		0.000005		3.760000
		3.469186		2.530814		0.000005		3.770000
		3.468247		2.531753		0.000005		3.780000
		3.467311		2.532689		0.000005		3.790000
		3.466376		2.533624		0.000005		3.800000
		3.465443		2.534557		0.000005		3.810000
		3.464512		2.535488		0.000005		3.820000
		3.463583		2.536417		0.000005		3.830000
		3.462656		2.537344		0.000005		3.840000
		3.461731		2.538269		0.000005		3.850000
		3.460807		2.539193		0.000005		3.860000
		3.459886		2.540114		0.000005		3.870000
		3.458966		2.541034		0.000005		3.880000
		3.458048		2.541952		0.000005		3.890000
		3.457132		2.542868		0.000005		3.900000
		3.456218		2.543782		0.000005		3.910000
		3.455305		2.544695		0.000005		3.920000
		3.454395		2.545605		0.000005		3.930000
		3.453486		2.546514		0.000005		3.940000
		3.452579		2.547421		0.000005		3.950000
		3.451674		2.548326		0.000005		3.960000
		3.450770		2.549230		0.000005		3.970000
		3.449869		2.550131		0.000005		3.980000
		3.448969		2.551031		0.000004		3.990000
		3.448071		2.551929		0.000004		4.000000
		3.447175		2.552825		0.000004		4.010000
		3.446281		2.553719		0.000004		4.020000
		3.445388		2.554612		0.000004		4.030000
		3.444497		2.555503		0.000004		4.040000
		3.443608		2.556392		0.000004		4.050000
		3.442721		2.557279		0.000004		4.060000
		3.441836		2.558164		0.000004		4.070000
		3.440952		2.559048		0.000004		4.080000
		3.440070		2.559930		0.000004		4.090000
		3.439190		2.560810		0.000004		4.100000
		3.438312		2.561688		0.000004		4.110000
		3.437435		2.562565		0.000004		4.120000
		3.436560		2.563440		0.000004		4.130000
		3.435687		2.564313		0.000004		4.140000
		3.434816		2.565184		0.000004		4.150000
		3.433946		2.566054		0.000004		4.160000
		3.433078		2.566922		0.000004		4.170000
		3.432212		2.567788		0.000004		4.180000
		3.431348		2.568652		0.000004		4.190000
		3.430485		2.569515		0.000004		4.200000
		3.429624		2.570376		0.000004		4.210000
		3.428765		2.571235		0.000004		4.220000
		3.427907		2.572093		0.000004		4.230000
		3.427051		2.572949		0.000004		4.240000
		3.426197		2.573803		0.000004		4.250000
		3.425345		2.574655		0.000004		4.260000
		3.424494		2.575506		0.000004		4.270000
		3.423645		2.576355		0.000004		4.280000
		3.422798		2.577202		0.000004		4.290000
		3.421952		2.578048		0.000004		4.300000
		3.421108		2.578892		0.000004		4.310000
		3.420266		2.579734		0.000004		4.320000
		3.419426		2.580574		0.000004		4.330000
		3.418587		2.581413		0.000004		4.340000
		3.417750		2.582250		0.000004		4.350000
		3.416914		2.583086		0.000004		4.360000
		3.416080		2.583920		0.000004		4.370000
		3.415248		2.584752		0.000004		4.380000
		3.414418		2.585582		0.000004		4.390000
		3.413589		2.586411		0.000004		4.400000
		3.412762		2.587238		0.000004		4.410000
		3.411936		2.588064		0.000004		4.420000
		3.411112		2.588888		0.000004		4.430000
		3.410290		2.589710		0.000004		4.440000
		3.409469		2.590531		0.000004		4.450000
		3.408650		2.591350		0.000004		4.460000
		3.407833		2.592167		0.000004		4.470000
		3.407017		2.592983		0.000004		4.480000
		3.406203		2.593797		0.000004		4.490000
		3.405391		2.594609		0.000004		4.500000
		3.404580		2.595420		0.000004		4.510000
		3.403771		2.596229		0.000004		4.520000
		3.402964		2.597036		0.000004		4.530000
		3.402158		2.597842		0.000004		4.540000
		3.401353		2.598647		0.000004		4.550000
		3.400551		2.599449		0.000004		4.560000
		3.399749		2.600251		0.000004		4.570000
		3.398950		2.601050		0.000004		4.580000
		3.398152		2.601848		0.000004		4.590000
		3.397356		2.602644		0.000004		4.600000
		3.396561		2.603439		0.000004		4.610000
		3.395768		2.604232		0.000004		4.620000
		3.394976		2.605024		0.000004		4.630000
		3.394186		2.605814		0.000004		4.640000
		3.393398		2.606602		0.000004		4.650000
		3.392611		2.607389		0.000004		4.660000
		3.391826		2.608174		0.000004		4.670000
		3.391042		2.608958		0.000004		4.680000
		3.390260		2.609740		0.000004		4.690000
		3.389480		2.610520		0.000004		4.700000
		3.388701		2.611299		0.000004		4.710000
		3.387923		2.612077		0.000004		4.720000
		3.387148		2.612852		0.000004		4.730000
		3.386373		2.613627		0.000004		4.740000
		3.385601		2.614399		0.000004		4.750000
		3.384829		2.615171		0.000004		4.760000
		3.384060		2.615940		0.000004		4.770000
		3.383292		2.616708		0.000004		4.780000
		3.382525		2.617475		0.000004		4.790000
		3.381760		2.618240		0.000004		4.800000
		3.380996		2.619004		0.000004		4.810000
		3.380234		2.619766		0.000004		4.820000
		3.379474		2.620526		0.000004		4.830000
		3.378715		2.621285		0.000004		4.840000
		3.377958		2.622042		0.000004		4.850000
		3.377202		2.622798		0.000004		4.860000
		3.376447		2.623553		0.000004		4.870000
		3.375694		2.624306		0.000004		4.880000
		3.374943		2.625057		0.000004		4.890000
		3.374193		2.625807		0.000004		4.900000
		3.373445		2.626555		0.000004		4.910000
		3.372698		2.627302		0.000004		4.920000
		3.371952		2.628048		0.000004		4.930000
		3.371209		2.628791		0.000004		4.940000
		3.370466		2.629534		0.000004		4.950000
		3.369725		2.630275		0.000004		4.960000
		3.368986		2.631014		0.000004		4.970000
		3.368248		2.631752		0.000004		4.980000
		3.367511		2.632489		0.000004		4.990000
		3.366776		2.633224		0.000004		5.000000
		3.366043		2.633957		0.000004		5.010000
		3.365311		2.634689		0.000004		5.020000
		3.364580		2.635420		0.000004		5.030000
		3.363851		2.636149		0.000004		5.040000
		3.363123		2.636877		0.000004		5.050000
		3.362397		2.637603		0.000004		5.060000
		3.361672		2.638328		0.000004		5.070000
		3.360949		2.639051		0.000004		5.080000
		3.360227		2.639773		0.000004		5.090000
		3.359506		2.640494		0.000004		5.100000
		3.358787		2.641213		0.000004		5.110000
		3.358070		2.641930		0.000004		5.120000
		3.357354		2.642646		0.000004		5.130000
		3.356639		2.643361		0.000004		5.140000
		3.355926		2.644074		0.000004		5.150000
		3.355214		2.644786		0.000004		5.160000
		3.354503		2.645497		0.000004		5.170000
		3.353794		2.646206		0.000004		5.180000
		3.353087		2.646913		0.000004		5.190000
		3.352381		2.647619		0.000004		5.200000
		3.351676		2.648324		0.000004		5.210000
		3.350973		2.649027		0.000004		5.220000
		3.350271		2.649729		0.000004		5.230000
		3.349570		2.650430		0.000004		5.240000
		3.348871		2.651129		0.000003		5.250000
		3.348173		2.651827		0.000003		5.260000
		3.347477		2.652523		0.000003		5.270000
		3.346782		2.653218		0.000003		5.280000
		3.346088		2.653912		0.000003		5.290000
		3.345396		2.654604		0.000003		5.300000
		3.344705		2.655295		0.000003		5.310000
		3.344016		2.655984		0.000003		5.320000
		3.343328		2.656672		0.000003		5.330000
		3.342641		2.657359		0.000003		5.340000
		3.341956		2.658044		0.000003		5.350000
		3.341272		2.658728		0.000003		5.360000
		3.340589		2.659411		0.000003		5.370000
		3.339908		2.660092		0.000003		5.380000
		3.339228		2.660772		0.000003		5.390000
		3.338550		2.661450		0.000003		5.400000
		3.337873		2.662127		0.000003		5.410000
		3.337197		2.662803		0.000003		5.420000
		3.336523		2.663477		0.000003		5.430000
		3.335850		2.664150		0.000003		5.440000
		3.335178		2.664822		0.000003		5.450000
		3.334508		2.665492		0.000003		5.460000
		3.333839		2.666161		0.000003		5.470000
		3.333171		2.666829		0.000003		5.480000
		3.332505		2.667495		0.000003		5.490000
		3.331840		2.668160		0.000003		5.500000
		3.331176		2.668824		0.000003		5.510000
		3.330514		2.669486		0.000003		5.520000
		3.329853		2.670147		0.000003		5.530000
		3.329193		2.670807		0.000003		5.540000
		3.328534		2.671466		0.000003		5.550000
		3.327877		2.672123		0.000003		5.560000
		3.327222		2.672778		0.000003		5.570000
		3.326567		2.673433		0.000003		5.580000
		3.325914		2.674086		0.000003		5.590000
		3.325262		2.674738		0.000003		5.600000
		3.324612		2.675388		0.000003		5.610000
		3.323963		2.676037		0.000003		5.620000
		3.323315		2.676685		0.000003		5.630000
		3.322668		2.677332		0.000003		5.640000
		3.322023		2.677977		0.000003		5.650000
		3.321379		2.678621		0.000003		5.660000
		3.320736		2.679264		0.000003		5.670000
		3.320094		2.679906		0.000003		5.680000
		3.319454		2.680546		0.000003		5.690000
		3.318815		2.681185		0.000003		5.700000
		3.318178		2.681822		0.000003		5.710000
		3.317541		2.682459		0.000003		5.720000
		3.316906		2.683094		0.000003		5.730000
		3.316272		2.683728		0.000003		5.740000
		3.315640		2.684360		0.000003		5.750000
		3.315009		2.684991		0.000003		5.760000
		3.314379		2.685621		0.000003		5.770000
		3.313750		2.686250		0.000003		5.780000
		3.313122		2.686878		0.000003		5.790000
		3.312496		2.687504		0.000003		5.800000
		3.311871		2.688129		0.000003		5.810000
		3.311247		2.688753		0.000003		5.820000
		3.310625		2.689375		0.000003		5.830000
		3.310004		2.689996		0.000003		5.840000
		3.309384		2.690616		0.000003		5.850000
		3.308765		2.691235		0.000003		5.860000
		3.308147		2.691853		0.000003		5.870000
		3.307531		2.692469		0.000003		5.880000
		3.306916		2.693084		0.000003		5.890000
		3.306302		2.693698		0.000003		5.900000
		3.305689		2.694311		0.000003		5.910000
		3.305078		2.694922		0.000003		5.920000
		3.304468		2.695532		0.000003		5.930000
		3.303859		2.696141		0.000003		5.940000
		3.303251		2.696749		0.000003		5.950000
		3.302645		2.697355		0.000003		5.960000
		3.302039		2.697961		0.000003		5.970000
		3.301435		2.698565		0.000003		5.980000
		3.300833		2.699167		0.000003		5.990000
		3.300231		2.699769		0.000003		6.000000
		3.299630		2.700370		0.000003		6.010000
		3.299031		2.700969		0.000003		6.020000
		3.298433		2.701567		0.000003		6.030000
		3.297836		2.702164		0.000003		6.040000
		3.297241		2.702759		0.000003		6.050000
		3.296646		2.703354		0.000003		6.060000
		3.296053		2.703947		0.000003		6.070000
		3.295461		2.704539		0.000003		6.080000
		3.294870		2.705130		0.000003		6.090000
		3.294280		2.705720		0.000003		6.100000
		3.293691		2.706309		0.000003		6.110000
		3.293104		2.706896		0.000003		6.120000
		3.292518		2.707482		0.000003		6.130000
		3.291933		2.708067		0.000003		6.140000
		3.291349		2.708651		0.000003		6.150000
		3.290766		2.709234		0.000003		6.160000
		3.290185		2.709815		0.000003		6.170000
		3.289604		2.710396		0.000003		6.180000
		3.289025		2.710975		0.000003		6.190000
		3.288447		2.711553		0.000003		6.200000
		3.287870		2.712130		0.000003		6.210000
		3.287294		2.712706		0.000003		6.220000
		3.286720		2.713280		0.000003		6.230000
		3.286146		2.713854		0.000003		6.240000
		3.285574		2.714426		0.000003		6.250000
		3.285003		2.714997		0.000003		6.260000
		3.284433		2.715567		0.000003		6.270000
		3.283864		2.716136		0.000003		6.280000
		3.283296		2.716704		0.000003		6.290000
		3.282730		2.717270		0.000003		6.300000
		3.282164		2.717836		0.000003		6.310000
		3.281600		2.718400		0.000003		6.320000
		3.281037		2.718963		0.000003		6.330000
		3.280475		2.719525		0.000003		6.340000
		3.279914		2.720086		0.000003		6.350000
		3.279354		2.720646		0.000003		6.360000
		3.278795		2.721205		0.000003		6.370000
		3.278238		2.721762		0.000003		6.380000
		3.277681		2.722319		0.000003		6.390000
		3.277126		2.722874		0.000003		6.400000
		3.276572		2.723428		0.000003		6.410000
		3.276018		2.723982		0.000003		6.420000
		3.275466		2.724534		0.000003		6.430000
		3.274915		2.725085		0.000003		6.440000
		3.274366		2.725634		0.000003		6.450000
		3.273817		2.726183		0.000003		6.460000
		3.273269		2.726731		0.000003		6.470000
		3.272723		2.727277		0.000003		6.480000
		3.272177		2.727823		0.000003		6.490000
		3.271633		2.728367		0.000003		6.500000
		3.271090		2.728910		0.000003		6.510000
		3.270547		2.729453		0.000003		6.520000
		3.270006		2.729994		0.000003		6.530000
		3.269466		2.730534		0.000003		6.540000
		3.268927		2.731073		0.000003		6.550000
		3.268390		2.731610		0.000003		6.560000
		3.267853		2.732147		0.000003		6.570000
		3.267317		2.732683		0.000003		6.580000
		3.266782		2.733218		0.000003		6.590000
		3.266249		2.733751		0.000003		6.600000
		3.265716		2.734284		0.000003		6.610000
		3.265185		2.734815		0.000003		6.620000
		3.264655		2.735345		0.000003		6.630000
		3.264125		2.735875		0.000003		6.640000
		3.263597		2.736403		0.000003		6.650000
		3.263070		2.736930		0.000003		6.660000
		3.262544		2.737456		0.000003		6.670000
		3.262019		2.737981		0.000003		6.680000
		3.261495		2.738505		0.000003		6.690000
		3.260972		2.739028		0.000003		6.700000
		3.260450		2.739550		0.000003		6.710000
		3.259929		2.740071		0.000003		6.720000
		3.259409		2.740591		0.000003		6.730000
		3.258890		2.741110		0.000003		6.740000
		3.258372		2.741628		0.000003		6.750000
		3.257856		2.742144		0.000003		6.760000
		3.257340		2.742660		0.000003		6.770000
		3.256825		2.743175		0.000003		6.780000
		3.256311		2.743689		0.000003		6.790000
		3.255799		2.744201		0.000003		6.800000
		3.255287		2.744713		0.000003		6.810000
		3.254777		2.745223		0.000003		6.820000
		3.254267		2.745733		0.000003		6.830000
		3.253759		2.746241		0.000003		6.840000
		3.253251		2.746749		0.000003		6.850000
		3.252745		2.747255		0.000003		6.860000
		3.252239		2.747761		0.000003		6.870000
		3.251735		2.748265		0.000003		6.880000
		3.251231		2.748769		0.000003		6.890000
		3.250729		2.749271		0.000003		6.900000
		3.250227		2.749773		0.000003		6.910000
		3.249727		2.750273		0.000003		6.920000
		3.249227		2.750773		0.000002		6.930000
		3.248729		2.751271		0.000002		6.940000
		3.248231		2.751769		0.000002		6.950000
		3.247735		2.752265		0.000002		6.960000
		3.247239		2.752761		0.000002		6.970000
		3.246745		2.753255		0.000002		6.980000
		3.246252		2.753748		0.000002		6.990000
		3.245759		2.754241		0.000002		7.000000
		3.245267		2.754733		0.000002		7.010000
		3.244777		2.755223		0.000002		7.020000
		3.244287		2.755713		0.000002		7.030000
		3.243799		2.756201		0.000002		7.040000
		3.243311		2.756689		0.000002		7.050000
		3.242825		2.757175		0.000002		7.060000
		3.242339		2.757661		0.000002		7.070000
		3.241854		2.758146		0.000002		7.080000
		3.241371		2.758629		0.000002		7.090000
		3.240888		2.759112		0.000002		7.100000
		3.240406		2.759594		0.000002		7.110000
		3.239925		2.760075		0.000002		7.120000
		3.239445		2.760555		0.000002		7.130000
		3.238966		2.761034		0.000002		7.140000
		3.238489		2.761511		0.000002		7.150000
		3.238012		2.761988		0.000002		7.160000
		3.237536		2.762464		0.000002		7.170000
		3.237060		2.762940		0.000002		7.180000
		3.236586		2.763414		0.000002		7.190000
		3.236113		2.763887		0.000002		7.200000
		3.235641		2.764359		0.000002		7.210000
		3.235170		2.764830		0.000002		7.220000
		3.234699		2.765301		0.000002		7.230000
		3.234230		2.765770		0.000002		7.240000
		3.233761		2.766239		0.000002		7.250000
		3.233294		2.766706		0.000002		7.260000
		3.232827		2.767173		0.000002		7.270000
		3.232362		2.767638		0.000002		7.280000
		3.231897		2.768103		0.000002		7.290000
		3.231433		2.768567		0.000002		7.300000
		3.230970		2.769030		0.000002		7.310000
		3.230508		2.769492		0.000002		7.320000
		3.230047		2.769953		0.000002		7.330000
		3.229587		2.770413		0.000002		7.340000
		3.229128		2.770872		0.000002		7.350000
		3.228670		2.771330		0.000002		7.360000
		3.228213		2.771787		0.000002		7.370000
		3.227756		2.772244		0.000002		7.380000
		3.227301		2.772699		0.000002		7.390000
		3.226846		2.773154		0.000002		7.400000
		3.226392		2.773608		0.000002		7.410000
		3.225940		2.774060		0.000002		7.420000
		3.225488		2.774512		0.000002		7.430000
		3.225037		2.774963		0.000002		7.440000
		3.224587		2.775413		0.000002		7.450000
		3.224137		2.775863		0.000002		7.460000
		3.223689		2.776311		0.000002		7.470000
		3.223242		2.776758		0.000002		7.480000
		3.222795		2.777205		0.000002		7.490000
		3.222350		2.777650		0.000002		7.500000
		3.221905		2.778095		0.000002		7.510000
		3.221461		2.778539		0.000002		7.520000
		3.221018		2.778982		0.000002		7.530000
		3.220576		2.779424		0.000002		7.540000
		3.220135		2.779865		0.000002		7.550000
		3.219695		2.780305		0.000002		7.560000
		3.219255		2.780745		0.000002		7.570000
		3.218817		2.781183		0.000002		7.580000
		3.218379		2.781621		0.000002		7.590000
		3.217942		2.782058		0.000002		7.600000
		3.217507		2.782493		0.000002		7.610000
		3.217072		2.782928		0.000002		7.620000
		3.216637		2.783363		0.000002		7.630000
		3.216204		2.783796		0.000002		7.640000
		3.215772		2.784228		0.000002		7.650000
		3.215340		2.784660		0.000002		7.660000
		3.214910		2.785090		0.000002		7.670000
		3.214480		2.785520		0.000002		7.680000
		3.214051		2.785949		0.000002		7.690000
		3.213623		2.786377		0.000002		7.700000
		3.213195		2.786805		0.000002		7.710000
		3.212769		2.787231		0.000002		7.720000
		3.212343		2.787657		0.000002		7.730000
		3.211919		2.788081		0.000002		7.740000
		3.211495		2.788505		0.000002		7.750000
		3.211072		2.788928		0.000002		7.760000
		3.210650		2.789350		0.000002		7.770000
		3.210229		2.789771		0.000002		7.780000
		3.209808		2.790192		0.000002		7.790000
		3.209388		2.790612		0.000002		7.800000
		3.208970		2.791030		0.000002		7.810000
		3.208552		2.791448		0.000002		7.820000
		3.208135		2.791865		0.000002		7.830000
		3.207718		2.792282		0.000002		7.840000
		3.207303		2.792697		0.000002		7.850000
		3.206888		2.793112		0.000002		7.860000
		3.206475		2.793525		0.000002		7.870000
		3.206062		2.793938		0.000002		7.880000
		3.205649		2.794351		0.000002		7.890000
		3.205238		2.794762		0.000002		7.900000
		3.204828		2.795172		0.000002		7.910000
		3.204418		2.795582		0.000002		7.920000
		3.204009		2.795991		0.000002		7.930000
		3.203601		2.796399		0.000002		7.940000
		3.203194		2.796806		0.000002		7.950000
		3.202788		2.797212		0.000002		7.960000
		3.202382		2.797618		0.000002		7.970000
		3.201977		2.798023		0.000002		7.980000
		3.201573		2.798427		0.000002		7.990000
		3.201170		2.798830		0.000002		8.000000
		3.200768		2.799232		0.000002		8.010000
		3.200366		2.799634		0.000002		8.020000
		3.199966		2.800034		0.000002		8.030000
		3.199566		2.800434		0.000002		8.040000
		3.199166		2.800834		0.000002		8.050000
		3.198768		2.801232		0.000002		8.060000
		3.198371		2.801629		0.000002		8.070000
		3.197974		2.802026		0.000002		8.080000
		3.197578		2.802422		0.000002		8.090000
		3.197183		2.802817		0.000002		8.100000
		3.196788		2.803212		0.000002		8.110000
		3.196395		2.803605		0.000002		8.120000
		3.196002		2.803998		0.000002		8.130000
		3.195610		2.804390		0.000002		8.140000
		3.195219		2.804781		0.000002		8.150000
		3.194828		2.805172		0.000002		8.160000
		3.194439		2.805561		0.000002		8.170000
		3.194050		2.805950		0.000002		8.180000
		3.193662		2.806338		0.000002		8.190000
		3.193274		2.806726		0.000002		8.200000
		3.192888		2.807112		0.000002		8.210000
		3.192502		2.807498		0.000002		8.220000
		3.192117		2.807883		0.000002		8.230000
		3.191733		2.808267		0.000002		8.240000
		3.191349		2.808651		0.000002		8.250000
		3.190967		2.809033		0.000002		8.260000
		3.190585		2.809415		0.000002		8.270000
		3.190204		2.809796		0.000002		8.280000
		3.189823		2.810177		0.000002		8.290000
		3.189444		2.810556		0.000002		8.300000
		3.189065		2.810935		0.000002		8.310000
		3.188687		2.811313		0.000002		8.320000
		3.188309		2.811691		0.000002		8.330000
		3.187933		2.812067		0.000002		8.340000
		3.187557		2.812443		0.000002		8.350000
		3.187182		2.812818		0.000002		8.360000
		3.186807		2.813193		0.000002		8.370000
		3.186434		2.813566		0.000002		8.380000
		3.186061		2.813939		0.000002		8.390000
		3.185689		2.814311		0.000002		8.400000
		3.185317		2.814683		0.000002		8.410000
		3.184947		2.815053		0.000002		8.420000
		3.184577		2.815423		0.000002		8.430000
		3.184208		2.815792		0.000002		8.440000
		3.183839		2.816161		0.000002		8.450000
		3.183471		2.816529		0.000002		8.460000
		3.183104		2.816896		0.000002		8.470000
		3.182738		2.817262		0.000002		8.480000
		3.182373		2.817627		0.000002		8.490000
		3.182008		2.817992		0.000002		8.500000
		3.181644		2.818356		0.000002		8.510000
		3.181281		2.818719		0.000002		8.520000
		3.180918		2.819082		0.000002		8.530000
		3.180556		2.819444		0.000002		8.540000
		3.180195		2.819805		0.000002		8.550000
		3.179835		2.820165		0.000002		8.560000
		3.179475		2.820525		0.000002		8.570000
		3.179116		2.820884		0.000002		8.580000
		3.178758		2.821242		0.000002		8.590000
		3.178400		2.821600		0.000002		8.600000
		3.178044		2.821956		0.000002		8.610000
		3.177688		2.822312		0.000002		8.620000
		3.177332		2.822668		0.000002		8.630000
		3.176978		2.823022		0.000002		8.640000
		3.176624		2.823376		0.000002		8.650000
		3.176270		2.823730		0.000002		8.660000
		3.175918		2.824082		0.000002		8.670000
		3.175566		2.824434		0.000002		8.680000
		3.175215		2.824785		0.000002		8.690000
		3.174864		2.825136		0.000002		8.700000
		3.174515		2.825485		0.000002		8.710000
		3.174166		2.825834		0.000002		8.720000
		3.173817		2.826183		0.000002		8.730000
		3.173470		2.826530		0.000002		8.740000
		3.173123		2.826877		0.000002		8.750000
		3.172777		2.827223		0.000002		8.760000
		3.172431		2.827569		0.000002		8.770000
		3.172086		2.827914		0.000002		8.780000
		3.171742		2.828258		0.000002		8.790000
		3.171398		2.828602		0.000002		8.800000
		3.171056		2.828944		0.000002		8.810000
		3.170714		2.829286		0.000002		8.820000
		3.170372		2.829628		0.000002		8.830000
		3.170031		2.829969		0.000002		8.840000
		3.169691		2.830309		0.000002		8.850000
		3.169352		2.830648		0.000002		8.860000
		3.169013		2.830987		0.000002		8.870000
		3.168675		2.831325		0.000002		8.880000
		3.168338		2.831662		0.000002		8.890000
		3.168001		2.831999		0.000002		8.900000
		3.167665		2.832335		0.000002		8.910000
		3.167330		2.832670		0.000002		8.920000
		3.166995		2.833005		0.000002		8.930000
		3.166661		2.833339		0.000002		8.940000
		3.166328		2.833672		0.000002		8.950000
		3.165995		2.834005		0.000002		8.960000
		3.165663		2.834337		0.000002		8.970000
		3.165332		2.834668		0.000002		8.980000
		3.165001		2.834999		0.000002		8.990000
		3.164671		2.835329		0.000002		9.000000
		3.164342		2.835658		0.000002		9.010000
		3.164013		2.835987		0.000002		9.020000
		3.163685		2.836315		0.000002		9.030000
		3.163358		2.836642		0.000002		9.040000
		3.163031		2.836969		0.000002		9.050000
		3.162705		2.837295		0.000002		9.060000
		3.162380		2.837620		0.000002		9.070000
		3.162055		2.837945		0.000002		9.080000
		3.161731		2.838269		0.000002		9.090000
		3.161407		2.838593		0.000002		9.100000
		3.161084		2.838916		0.000002		9.110000
		3.160762		2.839238		0.000002		9.120000
		3.160441		2.839559		0.000002		9.130000
		3.160120		2.839880		0.000002		9.140000
		3.159800		2.840200		0.000002		9.150000
		3.159480		2.840520		0.000002		9.160000
		3.159161		2.840839		0.000002		9.170000
		3.158843		2.841157		0.000002		9.180000
		3.158525		2.841475		0.000002		9.190000
		3.158208		2.841792		0.000002		9.200000
		3.157892		2.842108		0.000002		9.210000
		3.157576		2.842424		0.000002		9.220000
		3.157261		2.842739		0.000002		9.230000
		3.156946		2.843054		0.000002		9.240000
		3.156632		2.843368		0.000002		9.250000
		3.156319		2.843681		0.000002		9.260000
		3.156006		2.843994		0.000002		9.270000
		3.155694		2.844306		0.000002		9.280000
		3.155383		2.844617		0.000002		9.290000
		3.155072		2.844928		0.000002		9.300000
		3.154762		2.845238		0.000002		9.310000
		3.154453		2.845547		0.000002		9.320000
		3.154144		2.845856		0.000002		9.330000
		3.153835		2.846165		0.000002		9.340000
		3.153528		2.846472		0.000002		9.350000
		3.153221		2.846779		0.000002		9.360000
		3.152914		2.847086		0.000002		9.370000
		3.152608		2.847392		0.000002		9.380000
		3.152303		2.847697		0.000002		9.390000
		3.151999		2.848001		0.000002		9.400000
		3.151695		2.848305		0.000002		9.410000
		3.151391		2.848609		0.000002		9.420000
		3.151088		2.848912		0.000002		9.430000
		3.150786		2.849214		0.000002		9.440000
		3.150485		2.849515		0.000002		9.450000
		3.150184		2.849816		0.000002		9.460000
		3.149883		2.850117		0.000002		9.470000
		3.149583		2.850417		0.000001		9.480000
		3.149284		2.850716		0.000001		9.490000
		3.148986		2.851014		0.000001		9.500000
		3.148688		2.851312		0.000001		9.510000
		3.148390		2.851610		0.000001		9.520000
		3.148094		2.851906		0.000001		9.530000
		3.147797		2.852203		0.000001		9.540000
		3.147502		2.852498		0.000001		9.550000
		3.147207		2.852793		0.000001		9.560000
		3.146912		2.853088		0.000001		9.570000
		3.146619		2.853381		0.000001		9.580000
		3.146325		2.853675		0.000001		9.590000
		3.146033		2.853967		0.000001		9.600000
		3.145741		2.854259		0.000001		9.610000
		3.145449		2.854551		0.000001		9.620000
		3.145158		2.854842		0.000001		9.630000
		3.144868		2.855132		0.000001		9.640000
		3.144578		2.855422		0.000001		9.650000
		3.144289		2.855711		0.000001		9.660000
		3.144000		2.856000		0.000001		9.670000
		3.143712		2.856288		0.000001		9.680000
		3.143425		2.856575		0.000001		9.690000
		3.143138		2.856862		0.000001		9.700000
		3.142852		2.857148		0.000001		9.710000
		3.142566		2.857434		0.000001		9.720000
		3.142281		2.857719		0.000001		9.730000
		3.141997		2.858003		0.000001		9.740000
		3.141713		2.858287		0.000001		9.750000
		3.141429		2.858571		0.000001		9.760000
		3.141146		2.858854		0.000001		9.770000
		3.140864		2.859136		0.000001		9.780000
		3.140582		2.859418		0.000001		9.790000
		3.140301		2.859699		0.000001		9.800000
		3.140020		2.859980		0.000001		9.810000
		3.139740		2.860260		0.000001		9.820000
		3.139461		2.860539		0.000001		9.830000
		3.139182		2.860818		0.000001		9.840000
		3.138904		2.861096		0.000001		9.850000
		3.138626		2.861374		0.000001		9.860000
		3.138349		2.861651		0.000001		9.870000
		3.138072		2.861928		0.000001		9.880000
		3.137796		2.862204		0.000001		9.890000
		3.137520		2.862480		0.000001		9.900000
		3.137245		2.862755		0.000001		9.910000
		3.136971		2.863029		0.000001		9.920000
		3.136697		2.863303		0.000001		9.930000
		3.136423		2.863577		0.000001		9.940000
		3.136150		2.863850		0.000001		9.950000
		3.135878		2.864122		0.000001		9.960000
		3.135606		2.864394		0.000001		9.970000
		3.135335		2.864665		0.000001		9.980000
		3.135065		2.864935		0.000001		9.990000
		3.134794		2.865206		0.000001		10.000000
		3.134525		2.865475		0.000001		10.010000
		3.134256		2.865744		0.000001		10.020000
		3.133987		2.866013		0.000001		10.030000
		3.133719		2.866281		0.000001		10.040000
		3.133452		2.866548		0.000001		10.050000
		3.133185		2.866815		0.000001		10.060000
		3.132919		2.867081		0.000001		10.070000
		3.132653		2.867347		0.000001		10.080000
		3.132387		2.867613		0.000001		10.090000
		3.132123		2.867877		0.000001		10.100000
		3.131858		2.868142		0.000001		10.110000
		3.131595		2.868405		0.000001		10.120000
		3.131331		2.868669		0.000001		10.130000
		3.131069		2.868931		0.000001		10.140000
		3.130807		2.869193		0.000001		10.150000
		3.130545		2.869455		0.000001		10.160000
		3.130284		2.869716		0.000001		10.170000
		3.130023		2.869977		0.000001		10.180000
		3.129763		2.870237		0.000001		10.190000
		3.129504		2.870496		0.000001		10.200000
		3.129245		2.870755		0.000001		10.210000
		3.128986		2.871014		0.000001		10.220000
		3.128728		2.871272		0.000001		10.230000
		3.128471		2.871529		0.000001		10.240000
		3.128214		2.871786		0.000001		10.250000
		3.127958		2.872042		0.000001		10.260000
		3.127702		2.872298		0.000001		10.270000
		3.127446		2.872554		0.000001		10.280000
		3.127191		2.872809		0.000001		10.290000
		3.126937		2.873063		0.000001		10.300000
		3.126683		2.873317		0.000001		10.310000
		3.126430		2.873570		0.000001		10.320000
		3.126177		2.873823		0.000001		10.330000
		3.125924		2.874076		0.000001		10.340000
		3.125673		2.874327		0.000001		10.350000
		3.125421		2.874579		0.000001		10.360000
		3.125170		2.874830		0.000001		10.370000
		3.124920		2.875080		0.000001		10.380000
		3.124670		2.875330		0.000001		10.390000
		3.124421		2.875579		0.000001		10.400000
		3.124172		2.875828		0.000001		10.410000
		3.123924		2.876076		0.000001		10.420000
		3.123676		2.876324		0.000001		10.430000
		3.123429		2.876571		0.000001		10.440000
		3.123182		2.876818		0.000001		10.450000
		3.122935		2.877065		0.000001		10.460000
		3.122689		2.877311		0.000001		10.470000
		3.122444		2.877556		0.000001		10.480000
		3.122199		2.877801		0.000001		10.490000
		3.121955		2.878045		0.000001		10.500000
		3.121711		2.878289		0.000001		10.510000
		3.121467		2.878533		0.000001		10.520000
		3.121225		2.878775		0.000001		10.530000
		3.120982		2.879018		0.000001		10.540000
		3.120740		2.879260		0.000001		10.550000
		3.120499		2.879501		0.000001		10.560000
		3.120258		2.879742		0.000001		10.570000
		3.120017		2.879983		0.000001		10.580000
		3.119777		2.880223		0.000001		10.590000
		3.119538		2.880462		0.000001		10.600000
		3.119298		2.880702		0.000001		10.610000
		3.119060		2.880940		0.000001		10.620000
		3.118822		2.881178		0.000001		10.630000
		3.118584		2.881416		0.000001		10.640000
		3.118347		2.881653		0.000001		10.650000
		3.118110		2.881890		0.000001		10.660000
		3.117874		2.882126		0.000001		10.670000
		3.117638		2.882362		0.000001		10.680000
		3.117403		2.882597		0.000001		10.690000
		3.117168		2.882832		0.000001		10.700000
		3.116934		2.883066		0.000001		10.710000
		3.116700		2.883300		0.000001		10.720000
		3.116467		2.883533		0.000001		10.730000
		3.116234		2.883766		0.000001		10.740000
		3.116001		2.883999		0.000001		10.750000
		3.115769		2.884231		0.000001		10.760000
		3.115538		2.884462		0.000001		10.770000
		3.115307		2.884693		0.000001		10.780000
		3.115076		2.884924		0.000001		10.790000
		3.114846		2.885154		0.000001		10.800000
		3.114616		2.885384		0.000001		10.810000
		3.114387		2.885613		0.000001		10.820000
		3.114158		2.885842		0.000001		10.830000
		3.113930		2.886070		0.000001		10.840000
		3.113702		2.886298		0.000001		10.850000
		3.113475		2.886525		0.000001		10.860000
		3.113248		2.886752		0.000001		10.870000
		3.113021		2.886979		0.000001		10.880000
		3.112795		2.887205		0.000001		10.890000
		3.112569		2.887431		0.000001		10.900000
		3.112344		2.887656		0.000001		10.910000
		3.112120		2.887880		0.000001		10.920000
		3.111895		2.888105		0.000001		10.930000
		3.111672		2.888328		0.000001		10.940000
		3.111448		2.888552		0.000001		10.950000
		3.111225		2.888775		0.000001		10.960000
		3.111003		2.888997		0.000001		10.970000
		3.110781		2.889219		0.000001		10.980000
		3.110559		2.889441		0.000001		10.990000
		3.110338		2.889662		0.000001		11.000000
		3.110118		2.889882		0.000001		11.010000
		3.109897		2.890103		0.000001		11.020000
		3.109678		2.890322		0.000001		11.030000
		3.109458		2.890542		0.000001		11.040000
		3.109239		2.890761		0.000001		11.050000
		3.109021		2.890979		0.000001		11.060000
		3.108803		2.891197		0.000001		11.070000
		3.108585		2.891415		0.000001		11.080000
		3.108368		2.891632		0.000001		11.090000
		3.108151		2.891849		0.000001		11.100000
		3.107935		2.892065		0.000001		11.110000
		3.107719		2.892281		0.000001		11.120000
		3.107504		2.892496		0.000001		11.130000
		3.107289		2.892711		0.000001		11.140000
		3.107074		2.892926		0.000001		11.150000
		3.106860		2.893140		0.000001		11.160000
		3.106646		2.893354		0.000001		11.170000
		3.106433		2.893567		0.000001		11.180000
		3.106220		2.893780		0.000001		11.190000
		3.106008		2.893992		0.000001		11.200000
		3.105796		2.894204		0.000001		11.210000
		3.105584		2.894416		0.000001		11.220000
		3.105373		2.894627		0.000001		11.230000
		3.105162		2.894838		0.000001		11.240000
		3.104952		2.895048		0.000001		11.250000
		3.104742		2.895258		0.000001		11.260000
		3.104532		2.895468		0.000001		11.270000
		3.104323		2.895677		0.000001		11.280000
		3.104115		2.895885		0.000001		11.290000
		3.103906		2.896094		0.000001		11.300000
		3.103699		2.896301		0.000001		11.310000
		3.103491		2.896509		0.000001		11.320000
		3.103284		2.896716		0.000001		11.330000
		3.103078		2.896922		0.000001		11.340000
		3.102871		2.897129		0.000001		11.350000
		3.102666		2.897334		0.000001		11.360000
		3.102460		2.897540		0.000001		11.370000
		3.102255		2.897745		0.000001		11.380000
		3.102051		2.897949		0.000001		11.390000
		3.101847		2.898153		0.000001		11.400000
		3.101643		2.898357		0.000001		11.410000
		3.101440		2.898560		0.000001		11.420000
		3.101237		2.898763		0.000001		11.430000
		3.101035		2.898965		0.000001		11.440000
		3.100832		2.899168		0.000001		11.450000
		3.100631		2.899369		0.000001		11.460000
		3.100430		2.899570		0.000001		11.470000
		3.100229		2.899771		0.000001		11.480000
		3.100028		2.899972		0.000001		11.490000
		3.099828		2.900172		0.000001		11.500000
		3.099628		2.900372		0.000001		11.510000
		3.099429		2.900571		0.000001		11.520000
		3.099230		2.900770		0.000001		11.530000
		3.099032		2.900968		0.000001		11.540000
		3.098834		2.901166		0.000001		11.550000
		3.098636		2.901364		0.000001		11.560000
		3.098439		2.901561		0.000001		11.570000
		3.098242		2.901758		0.000001		11.580000
		3.098046		2.901954		0.000001		11.590000
		3.097849		2.902151		0.000001		11.600000
		3.097654		2.902346		0.000001		11.610000
		3.097458		2.902542		0.000001		11.620000
		3.097264		2.902736		0.000001		11.630000
		3.097069		2.902931		0.000001		11.640000
		3.096875		2.903125		0.000001		11.650000
		3.096681		2.903319		0.000001		11.660000
		3.096488		2.903512		0.000001		11.670000
		3.096295		2.903705		0.000001		11.680000
		3.096102		2.903898		0.000001		11.690000
		3.095910		2.904090		0.000001		11.700000
		3.095718		2.904282		0.000001		11.710000
		3.095527		2.904473		0.000001		11.720000
		3.095336		2.904664		0.000001		11.730000
		3.095145		2.904855		0.000001		11.740000
		3.094955		2.905045		0.000001		11.750000
		3.094765		2.905235		0.000001		11.760000
		3.094575		2.905425		0.000001		11.770000
		3.094386		2.905614		0.000001		11.780000
		3.094197		2.905803		0.000001		11.790000
		3.094009		2.905991		0.000001		11.800000
		3.093821		2.906179		0.000001		11.810000
		3.093633		2.906367		0.000001		11.820000
		3.093446		2.906554		0.000001		11.830000
		3.093259		2.906741		0.000001		11.840000
		3.093073		2.906927		0.000001		11.850000
		3.092886		2.907114		0.000001		11.860000
		3.092701		2.907299		0.000001		11.870000
		3.092515		2.907485		0.000001		11.880000
		3.092330		2.907670		0.000001		11.890000
		3.092146		2.907854		0.000001		11.900000
		3.091961		2.908039		0.000001		11.910000
		3.091777		2.908223		0.000001		11.920000
		3.091594		2.908406		0.000001		11.930000
		3.091411		2.908589		0.000001		11.940000
		3.091228		2.908772		0.000001		11.950000
		3.091045		2.908955		0.000001		11.960000
		3.090863		2.909137		0.000001		11.970000
		3.090682		2.909318		0.000001		11.980000
		3.090500		2.909500		0.000001		11.990000
		3.090319		2.909681		0.000001		12.000000
		3.090139		2.909861		0.000001		12.010000
		3.089958		2.910042		0.000001		12.020000
		3.089778		2.910222		0.000001		12.030000
		3.089599		2.910401		0.000001		12.040000
		3.089420		2.910580		0.000001		12.050000
		3.089241		2.910759		0.000001		12.060000
		3.089062		2.910938		0.000001		12.070000
		3.088884		2.911116		0.000001		12.080000
		3.088706		2.911294		0.000001		12.090000
		3.088529		2.911471		0.000001		12.100000
		3.088352		2.911648		0.000001		12.110000
		3.088175		2.911825		0.000001		12.120000
		3.087999		2.912001		0.000001		12.130000
		3.087823		2.912177		0.000001		12.140000
		3.087647		2.912353		0.000001		12.150000
		3.087472		2.912528		0.000001		12.160000
		3.087297		2.912703		0.000001		12.170000
		3.087122		2.912878		0.000001		12.180000
		3.086948		2.913052		0.000001		12.190000
		3.086774		2.913226		0.000001		12.200000
		3.086601		2.913399		0.000001		12.210000
		3.086428		2.913572		0.000001		12.220000
		3.086255		2.913745		0.000001		12.230000
		3.086082		2.913918		0.000001		12.240000
		3.085910		2.914090		0.000001		12.250000
		3.085738		2.914262		0.000001		12.260000
		3.085567		2.914433		0.000001		12.270000
		3.085396		2.914604		0.000001		12.280000
		3.085225		2.914775		0.000001		12.290000
		3.085054		2.914946		0.000001		12.300000
		3.084884		2.915116		0.000001		12.310000
		3.084714		2.915286		0.000001		12.320000
		3.084545		2.915455		0.000001		12.330000
		3.084376		2.915624		0.000001		12.340000
		3.084207		2.915793		0.000001		12.350000
		3.084039		2.915961		0.000001		12.360000
		3.083871		2.916129		0.000001		12.370000
		3.083703		2.916297		0.000001		12.380000
		3.083536		2.916464		0.000001		12.390000
		3.083368		2.916632		0.000001		12.400000
		3.083202		2.916798		0.000001		12.410000
		3.083035		2.916965		0.000001		12.420000
		3.082869		2.917131		0.000001		12.430000
		3.082704		2.917296		0.000001		12.440000
		3.082538		2.917462		0.000001		12.450000
		3.082373		2.917627		0.000001		12.460000
		3.082208		2.917792		0.000001		12.470000
		3.082044		2.917956		0.000001		12.480000
		3.081880		2.918120		0.000001		12.490000
		3.081716		2.918284		0.000001		12.500000
		3.081553		2.918447		0.000001		12.510000
		3.081389		2.918611		0.000001		12.520000
		3.081227		2.918773		0.000001		12.530000
		3.081064		2.918936		0.000001		12.540000
		3.080902		2.919098		0.000001		12.550000
		3.080740		2.919260		0.000001		12.560000
		3.080579		2.919421		0.000001		12.570000
		3.080418		2.919582		0.000001		12.580000
		3.080257		2.919743		0.000001		12.590000
		3.080096		2.919904		0.000001		12.600000
		3.079936		2.920064		0.000001		12.610000
		3.079776		2.920224		0.000001		12.620000
		3.079617		2.920383		0.000001		12.630000
		3.079457		2.920543		0.000001		12.640000
		3.079299		2.920701		0.000001		12.650000
		3.079140		2.920860		0.000001		12.660000
		3.078982		2.921018		0.000001		12.670000
		3.078824		2.921176		0.000001		12.680000
		3.078666		2.921334		0.000001		12.690000
		3.078509		2.921491		0.000001		12.700000
		3.078352		2.921648		0.000001		12.710000
		3.078195		2.921805		0.000001		12.720000
		3.078039		2.921961		0.000001		12.730000
		3.077883		2.922117		0.000001		12.740000
		3.077727		2.922273		0.000001		12.750000
		3.077571		2.922429		0.000001		12.760000
		3.077416		2.922584		0.000001		12.770000
		3.077261		2.922739		0.000001		12.780000
		3.077107		2.922893		0.000001		12.790000
		3.076953		2.923047		0.000001		12.800000
		3.076799		2.923201		0.000001		12.810000
		3.076645		2.923355		0.000001		12.820000
		3.076492		2.923508		0.000001		12.830000
		3.076339		2.923661		0.000001		12.840000
		3.076186		2.923814		0.000001		12.850000
		3.076034		2.923966		0.000001		12.860000
		3.075882		2.924118		0.000001		12.870000
		3.075730		2.924270		0.000001		12.880000
		3.075578		2.924422		0.000001		12.890000
		3.075427		2.924573		0.000001		12.900000
		3.075276		2.924724		0.000001		12.910000
		3.075126		2.924874		0.000001		12.920000
		3.074976		2.925024		0.000001		12.930000
		3.074826		2.925174		0.000001		12.940000
		3.074676		2.925324		0.000001		12.950000
		3.074527		2.925473		0.000001		12.960000
		3.074378		2.925622		0.000001		12.970000
		3.074229		2.925771		0.000001		12.980000
		3.074080		2.925920		0.000001		12.990000
		3.073932		2.926068		0.000001		13.000000
		3.073784		2.926216		0.000001		13.010000
		3.073637		2.926363		0.000001		13.020000
		3.073490		2.926510		0.000001		13.030000
		3.073343		2.926657		0.000001		13.040000
		3.073196		2.926804		0.000001		13.050000
		3.073050		2.926950		0.000001		13.060000
		3.072903		2.927097		0.000001		13.070000
		3.072758		2.927242		0.000001		13.080000
		3.072612		2.927388		0.000001		13.090000
		3.072467		2.927533		0.000001		13.100000
		3.072322		2.927678		0.000001		13.110000
		3.072177		2.927823		0.000001		13.120000
		3.072033		2.927967		0.000001		13.130000
		3.071889		2.928111		0.000001		13.140000
		3.071745		2.928255		0.000001		13.150000
		3.071602		2.928398		0.000001		13.160000
		3.071458		2.928542		0.000001		13.170000
		3.071316		2.928684		0.000001		13.180000
		3.071173		2.928827		0.000001		13.190000
		3.071031		2.928969		0.000001		13.200000
		3.070888		2.929112		0.000001		13.210000
		3.070747		2.929253		0.000001		13.220000
		3.070605		2.929395		0.000001		13.230000
		3.070464		2.929536		0.000001		13.240000
		3.070323		2.929677		0.000001		13.250000
		3.070182		2.929818		0.000001		13.260000
		3.070042		2.929958		0.000001		13.270000
		3.069902		2.930098		0.000001		13.280000
		3.069762		2.930238		0.000001		13.290000
		3.069623		2.930377		0.000001		13.300000
		3.069483		2.930517		0.000001		13.310000
		3.069344		2.930656		0.000001		13.320000
		3.069206		2.930794		0.000001		13.330000
		3.069067		2.930933		0.000001		13.340000
		3.068929		2.931071		0.000001		13.350000
		3.068791		2.931209		0.000001		13.360000
		3.068654		2.931346		0.000001		13.370000
		3.068516		2.931484		0.000001		13.380000
		3.068379		2.931621		0.000001		13.390000
		3.068243		2.931757		0.000001		13.400000
		3.068106		2.931894		0.000001		13.410000
		3.067970		2.932030		0.000001		13.420000
		3.067834		2.932166		0.000001		13.430000
		3.067698		2.932302		0.000001		13.440000
		3.067563		2.932437		0.000001		13.450000
		3.067428		2.932572		0.000001		13.460000
		3.067293		2.932707		0.000001		13.470000
		3.067158		2.932842		0.000001		13.480000
		3.067024		2.932976		0.000001		13.490000
		3.066890		2.933110		0.000001		13.500000
		3.066756		2.933244		0.000001		13.510000
		3.066623		2.933377		0.000001		13.520000
		3.066489		2.933511		0.000001		13.530000
		3.066356		2.933644		0.000001		13.540000
		3.066224		2.933776		0.000001		13.550000
		3.066091		2.933909		0.000001		13.560000
		3.065959		2.934041		0.000001		13.570000
		3.065827		2.934173		0.000001		13.580000
		3.065696		2.934304		0.000001		13.590000
		3.065564		2.934436		0.000001		13.600000
		3.065433		2.934567		0.000001		13.610000
		3.065302		2.934698		0.000001		13.620000
		3.065172		2.934828		0.000001		13.630000
		3.065041		2.934959		0.000001		13.640000
		3.064911		2.935089		0.000001		13.650000
		3.064781		2.935219		0.000001		13.660000
		3.064652		2.935348		0.000001		13.670000
		3.064522		2.935478		0.000001		13.680000
		3.064393		2.935607		0.000001		13.690000
		3.064265		2.935735		0.000001		13.700000
		3.064136		2.935864		0.000001		13.710000
		3.064008		2.935992		0.000001		13.720000
		3.063880		2.936120		0.000001		13.730000
		3.063752		2.936248		0.000001		13.740000
		3.063625		2.936375		0.000001		13.750000
		3.063497		2.936503		0.000001		13.760000
		3.063370		2.936630		0.000001		13.770000
		3.063244		2.936756		0.000001		13.780000
		3.063117		2.936883		0.000001		13.790000
		3.062991		2.937009		0.000001		13.800000
		3.062865		2.937135		0.000001		13.810000
		3.062739		2.937261		0.000001		13.820000
		3.062614		2.937386		0.000001		13.830000
		3.062488		2.937512		0.000001		13.840000
		3.062363		2.937637		0.000001		13.850000
		3.062239		2.937761		0.000001		13.860000
		3.062114		2.937886		0.000001		13.870000
		3.061990		2.938010		0.000001		13.880000
		3.061866		2.938134		0.000001		13.890000
		3.061742		2.938258		0.000001		13.900000
		3.061619		2.938381		0.000001		13.910000
		3.061496		2.938504		0.000001		13.920000
		3.061373		2.938627		0.000001		13.930000
		3.061250		2.938750		0.000001		13.940000
		3.061127		2.938873		0.000001		13.950000
		3.061005		2.938995		0.000001		13.960000
		3.060883		2.939117		0.000001		13.970000
		3.060761		2.939239		0.000001		13.980000
		3.060640		2.939360		0.000001		13.990000
		3.060519		2.939481		0.000001		14.000000
		3.060397		2.939603		0.000001		14.010000
		3.060277		2.939723		0.000001		14.020000
		3.060156		2.939844		0.000001		14.030000
		3.060036		2.939964		0.000001		14.040000
		3.059916		2.940084		0.000001		14.050000
		3.059796		2.940204		0.000001		14.060000
